100
102
103
104
105
106
108
109
110
111
112
113
114
115
116
117
118
12
120
121
122
123
124
125
126
127
128
129
13
130
131
132
133
134
135
136
138
141
142
143
144
145
146
147
148
149
150
151
152
153
154
155
156
157
158
160
161
162
163
164
165
166
167
169
17
170
171
172
173
174
175
176
177
178
179
180
181
182
184
185
186
187
188
189
190
191
192
193
194
195
196
197
198
199
201
203
205
206
207
209
210
211
213
214
215
216
217
218
22
220
221
222
223
224
226
228
229
230
231
232
234
235
236
238
239
24
240
242
243
245
246
247
248
249
25
250
251
252
253
254
255
256
257
258
259
26
260
261
262
263
265
266
267
268
269
27
271
272
273
274
275
277
278
279
28
280
281
284
285
286
287
288
289
290
291
292
293
294
295
296
297
298
299
301
302
303
304
305
308
309
31
310
311
312
313
314
315
316
318
319
32
320
321
322
323
325
326
327
328
329
33
331
332
333
334
335
336
337
338
34
340
341
342
343
344
346
347
348
349
35
350
351
352
353
354
355
356
357
358
359
36
360
361
362
363
364
365
366
367
368
369
37
370
371
372
373
374
375
376
377
378
379
38
380
381
382
383
384
385
386
387
388
389
39
390
391
392
394
395
396
397
398
399
40
400
401
402
403
404
405
406
407
408
409
410
411
412
414
415
416
417
418
419
42
420
421
422
423
424
425
426
427
428
429
43
430
431
432
433
434
435
436
437
438
439
44
440
441
442
443
444
445
447
448
449
45
450
451
452
453
454
455
456
457
458
46
462
463
464
466
467
468
469
47
470
471
472
473
474
476
477
478
479
48
480
482
483
484
485
486
487
488
489
49
490
491
492
493
494
495
496
497
498
499
50
500
501
502
503
504
505
506
507
508
509
51
510
511
512
514
515
516
517
518
519
52
520
521
522
524
525
526
527
528
529
53
530
531
532
533
534
535
536
537
538
539
54
540
541
542
543
544
545
546
547
548
549
55
550
551
552
553
554
555
556
557
558
559
56
561
562
563
564
565
566
567
568
569
570
571
572
573
574
575
577
578
58
580
581
582
583
585
586
587
588
59
591
592
594
595
597
598
599
60
600
602
603
604
605
607
608
61
610
612
613
615
617
618
62
620
621
622
623
624
625
626
627
628
629
63
631
632
633
634
635
636
637
638
639
64
640
641
642
643
644
645
646
647
649
65
650
652
653
654
656
657
658
659
66
660
662
663
664
666
667
668
669
67
670
672
673
674
675
676
677
678
679
68
680
681
683
684
685
686
687
688
689
69
690
691
692
693
694
695
696
697
698
70
700
701
703
704
705
706
707
708
709
71
710
711
712
713
716
718
719
72
720
721
722
724
725
727
728
729
73
730
731
732
734
736
737
738
739
74
741
742
744
746
748
749
75
750
751
752
754
755
756
758
759
76
760
761
762
763
764
765
766
767
768
769
77
770
771
772
773
774
775
776
777
778
779
78
780
781
782
783
784
785
786
788
789
79
790
791
792
794
795
796
797
798
80
800
801
802
804
805
806
807
808
809
81
812
813
814
815
84
85
86
87
88
89
90
904
905
906
907
909
91
910
911
92
94
95
96
97
98
99